APIKEY=fba94de11390c420fdbf3a4328a4c2e9
LATITUDE=49.28419
LONGITUDE=-123.11532

